2.3850622674626e-06
0.734118294898166
0.0653900060590187
0.696853905212407
0.745226770985172
0.33059880341594
0.0954657187826995
0.807402128084827
0.750451274969777
0.105757872143004
0.122385605696408
0.495879225831872
0.660165444758111
0.792793512241032
0.961582845570794
0.991174114502413
0.829520294333036
0.489727670087247
0.246602532322362
0.518578199103726
0.631200015580253
0.624147478322183
0.315107759942603
0.633972888816344
0.191180936116308
0.44341664313618
0.789319655552274
0.936590452134276
0.721965511302301
0.208153137472188
0.697365734974307
0.611057299295738
0.646794931446782
0.395963035812174
0.682800659639151
0.167686959909255
0.398218845990793
0.291055893313913
0.231393994793999
0.171463991718936
0.673389204352048
0.185531865282461
0.401509310340516
0.650367109207043
0.667383255153756
0.893604492362635
0.343282681890424
0.845985541064126
0.818089810165794
0.461806600872497
0.154668825307258
0.818420405633538
0.319569389315176
0.487763071206705
0.610724817328188
0.320004845350119
0.697117864201346
0.981053495898923
0.481459740488467
0.0511736692915996
0.716354796308907
0.0869245441656654
0.99208655176874
0.301054596412108
0.376611276290033
0.901083745305218
0.813022830639559
0.613197562024694
0.180439265788176
0.969115687700448
0.991571888823106
0.012867744293809
0.644445326320541
0.283995843067561
0.159923902366614
0.24133556108027
0.86723126977343
0.649337463067532
0.89534437535326
0.965714680583184
0.354711980983715
0.604978831800657
0.259278099214939
0.40951029264085
0.00419554082750306
0.496507850100835
0.740161128499625
0.44166962281916
0.501344684863669
0.664848946534093
0.0139573891398377
0.872943141197216
0.210907842692902
0.0650778208422277
0.167401382653071
0.464410889932718
0.582515980084385
0.787452519013123
0.873257983260434
0.800125938474947
7.56393653600362e-07
0.0441059061596233
0.336330690262932
0.00228478016670808
0.625805517206907
0.417338756655352
0.14190545843957
0.50745126271419
0.437250990579416
0.510130089798217
0.587513456990248
0.280578667404929
0.513573984684167
0.54254286646716
0.284713093335033
0.356917225543571
0.728048378426325
0.101632663105184
0.177630981299834
0.571001408754269
0.74045063684565
0.433081243048107
0.808298926131511
0.945687814331804
0.214861139008426
0.970385410747487
0.662498040119409
0.721041018186723
0.40074539600228
0.720820794279513
0.812776808820958
0.54058695939265
0.0469029976399769
0.0575593053435461
0.823012317437229
0.73082314357092
0.104752097254497
0.204390693287771
0.170983910922437
0.289073286428828
0.241765091272981
0.53995494649982
0.292918882055934
0.774676849011854
0.208233241255435
0.699898847341533
0.441187197582038
0.798200923269296
0.62064918587774
0.410069384894735
0.957855723404332
0.91101665492343
0.0471500077763465
0.839265320723751
0.351964703404239
0.369088803538704
0.77564545455904
0.514580952158223
0.28392228402613
0.775232330155396
0.236910102419931
0.196994809136972
0.763035417627148
0.919606983132635
0.638697440948555
0.316843046708993
0.844920485138352
0.0701937633631139
0.109831583177986
0.683293027863629
0.870767845711166
0.160684407167203
0.24905455113764
0.788979294658308
0.211013831176109
0.898852306298498
0.319613397986234
0.017871178413752
0.889081641559208
0.602574794372758
0.85952471021348
0.384335100710234
0.215937144164363
0.908735715638226
0.755826679024001
0.521287379399219
0.318520611235343
0.938071924406127
0.411470186951074
0.722936919619511
0.277497234457608
0.313810363938506
0.551579891856016
0.866395544368738
0.802432345425395
0.0980585645817934
0.707650500484127
0.839950930138599
0.484278028074008
0.13423728949965
1.02106049615358e-07
0.14224557785639
0.886959700866057
0.392489350479506
0.937915519798754
0.579147681564486
0.710087735801985
0.0243622508360518
0.523587420596976
0.223938380259412
0.874506166454063
0.971060451334309
0.568015336289987
0.842364342909897
0.256963436813684
0.578774737620125
0.0485358959454705
0.734905206991687
0.124905611705236
0.0692245605516518
0.373999595293127
0.0693275888392818
0.556150376593135
0.205944452313092
0.77538568563526
0.114776997029952
0.553961950398628
0.871700409587298
0.281604742722467
0.275777659279916
0.519828443741814
0.510695836136653
0.198643286402356
0.740580526936444
0.946679185219757
0.284405950655423
0.222728040697816
0.309940490630936
0.317709610902952
0.265858055889235
0.0573927330300464
0.715340838883825
0.332238416915647
0.535494082391041
0.701869290489577
0.734071670651593
0.993991598863507
0.90070958706862
0.450251292200102
0.634777218747468
0.144281456594573
0.21522655041488
0.620059595048865
0.585323645530489
0.382975839509088
0.480030560273893
0.116174578241743
0.344560743958688
0.61403493572497
0.690296015257671
0.174970938098157
0.766527471001437
0.384431812776743
0.987132362052677
0.699286957385553
0.432451284966435
0.102201396461447
0.122561277953651
0.439527173442882
0.202062782547266
0.842864385147745
0.84357800577876
0.3283395412549
0.905408943255394
0.375334945270993
0.989245665960181
0.659304659685334
0.414093775027166
0.992287292898036
0.156849838258067
0.285570095265139
0.439774602804024
0.209965973910639
0.450993238516072
0.805768254802179
0.573679301844765
0.255265313887538
0.974326975970315
0.910766121743431
0.681749470370298
0.717635229527513
0.185478607284891
0.296234736749202
0.752413038235042
0.582499969172279
0.793012870309453
0.543427455370853
0.667112482579028
0.064189177292613
0.68737404411597
1.6637539568265e-08
0.695719006550939
0.469463011469081
0.431731336198796
0.196839091536934
0.89233688002265
0.677241501650139
0.928412612851884
0.624741487763209
0.525460914227826
0.357257953058012
0.379980085661944
0.766017945262022
0.865741788507099
0.430147553103417
0.600313186603373
0.937691793791321
0.417273669148189
0.00616773367302503
0.129146405757959
0.773356930664066
0.589467396317134
0.258775034936718
0.974842672306356
0.708637929836747
0.560790443436304
0.109793796405096
0.937853626925741
0.0660645839657674
0.649147594786315
0.846523943154593
0.90805397079101
0.341105222874938
0.737796633578748
0.818985003291508
0.548642405294277
0.804970478523504
0.692320875472555
0.165351341276829
0.85575427317049
0.626318975362629
0.753221143369449
0.236654808824493
0.32198959461429
0.579878227480866
0.809697922193665
0.591974418562703
0.805922906741052
0.811165471686063
0.572444540722745
0.71238992480758
0.322805653245115
0.0118758539554483
0.0118233711660203
0.191455085135451
0.917011392215944
0.600206254797118
0.312909084007968
0.576746694226997
0.123974835882473
0.483085482980323
0.984795798079665
0.0988680233372924
0.840564680279426
0.118330820734344
0.433312168337233
0.845241042965854
0.395430809523685
0.917160699686748
0.708295295568354
0.714615323560396
0.529928392019966
0.379066561102109
0.0113961926438131
0.486564194844883
0.436203962867966
0.688585086828268
0.415669043198421
0.28998585770821
0.970548228007621
0.596175912834117
0.365200469188518
0.824910463131178
0.840122557986049
0.660165857296029
0.639651248832806
0.717372452397899
0.895524390282271
0.365363763101749
0.108612706682389
0.355779057844898
0.516017913001866
0.524961834333237
0.278265102181819
0.569804481806079
0.420630598017944
0.15850551277116
0.786887421292299
0.53694438871682
0
