id   sex   Y.trait
1   1   4.09210131506411
2   0   2.01899694937086
3   0   2.05024791775389
4   1   3.99275846397207
5   0   4.74880440622937
6   0   3.70188117512532
7   1   3.39472770655346
8   1   2.22231937345364
9   0   2.29230105588817
10   1   2.02114447382718
11   0   2.13526211741113
12   0   3.17584590840712
13   1   3.06366217027354
14   0   2.53312001303423
15   0   1.41358016800812
16   1   3.54253668366063
17   0   1.60682809613759
18   0   3.4611358421398
19   1   0.896488538146498
20   1   2.86634743277825
21   1   2.72138769476346
22   0   5.04116430621209
23   0   1.75488374784264
24   1   3.12014771982257
25   1   4.03141188630656
26   1   1.4325572809323
27   1   2.94830681741601
28   1   3.36380426265028
29   1   2.67906718330209
30   1   0.0877493464701748
31   0   4.32864737948044
32   0   4.58964120592191
33   1   5.89415942770366
34   0   3.15070178833241
35   0   2.89628848475959
36   1   2.78729349097897
37   1   2.78598380428867
38   0   5.03193323576948
39   1   3.36989405967482
40   0   3.76080210190288
41   0   2.43483537277101
42   1   6.17679109045725
43   0   3.69441410853306
44   0   3.83830507761571
45   1   5.59684262476781
46   0   0.6269864474013
47   0   3.93216008934061
48   1   3.45653931588578
49   1   3.34618474698346
50   1   2.33810237490276
51   0   0.295174917028191
52   0   4.67271403936664
53   1   2.61440691083896
54   1   -0.984246721672256
55   1   2.09171440555129
56   1   2.999564716903
57   1   3.6209825265444
58   1   0.973766546539667
59   1   2.21528284580667
60   0   4.49564018549352
61   0   2.40737685274576
62   1   2.56202568914772
63   0   2.37983733901733
64   0   2.38943891296964
65   1   3.0767791562093
66   1   1.51005067510666
67   0   1.72819648069071
68   1   2.23021048656237
69   0   3.52677886478106
70   0   3.22788357448519
71   1   5.44322981210789
72   0   2.6316471973938
73   0   5.08417448499811
74   1   4.93040434633217
75   0   6.04886319816783
76   0   2.74945182427857
77   1   3.64603601275014
78   1   4.48667694223014
79   1   3.42970365869607
80   0   2.84188526946514
81   0   3.69247636489386
82   1   2.78983373098211
83   1   4.74368446923681
84   1   4.85721873860363
85   1   4.84751554055698
86   1   0.73848237532161
87   1   4.79857696278957
88   1   2.93650472764631
89   0   0.474786981883526
90   0   3.36738904943659
91   1   0.858210582889987
92   0   2.82550243237084
93   0   1.42226909643697
94   1   4.22626433219719
95   1   2.0233075203729
96   0   5.6850245631947
97   1   4.12044973914907
98   0   1.54380325336161
99   0   1.50792835774732
100   1   3.45819754411889
101   0   3.20261446280317
102   0   0.298562768868457
103   1   3.9964561175563
104   0   6.37766423595387
105   0   6.01376644034671
106   1   4.47252191495244
107   1   5.36499779820959
108   1   5.20611507772103
109   0   2.52091450826552
110   0   6.92433101604521
111   1   2.23680761246326
112   1   5.22288301194774
113   1   4.76512119474903
114   1   5.76500344882344
115   1   -0.188381639909286
116   1   6.29460835281867
117   1   3.37965851937736
118   0   0.729633663579556
119   0   3.82554894251866
120   1   4.33590989931866
121   0   1.40918894463355
122   0   3.7512276203758
123   1   4.20795907756826
124   1   4.05058985663479
125   0   3.04172901452189
126   1   1.91882009404398
127   0   2.37438884922877
128   0   2.14218847614641
129   1   2.8628762721136
130   0   0.59116597224598
131   0   4.91997759135953
132   1   2.13420039267647
133   0   2.8005251359223
134   0   4.98203026556725
135   1   1.83137642823404
136   1   0.733018631065886
137   1   3.27177063412727
138   0   4.15840555062631
139   0   3.83845102288973
140   1   1.90241107525275
141   1   4.72492106956741
142   1   3.71617262533301
143   1   4.42948630152037
144   1   1.92635498152399
145   1   2.68145889404922
146   1   1.93040911411078
147   0   4.82850950328203
148   0   1.46882759041708
149   1   1.79829038496813
150   0   4.60095034194179
151   0   5.29380824568404
152   1   4.9323782323763
153   1   0.453002552168914
154   0   4.60391397099648
155   1   1.46789963762565
156   0   5.46175025968786
157   0   2.15787912965638
158   1   4.30774700561189
159   0   3.84672128225439
160   0   2.84309719050316
161   1   2.60636730417189
162   0   5.54747731787469
163   0   1.13040780728017
164   1   4.08224644188055
165   1   3.24999120201161
166   1   3.95516997411765
167   0   2.73612461404268
168   0   3.2011714516783
169   1   2.76788238206364
170   1   4.2285213311737
171   1   3.8070953263725
172   1   5.07998786653191
173   1   5.15731339239968
174   1   5.04147206954342
175   1   1.58602699771896
176   0   4.55743911254334
177   0   3.01412700111601
178   1   2.01001512210023
179   0   4.14070357078496
180   0   4.29005099710138
181   1   1.54325454070397
182   1   2.46332458461601
183   0   3.66100466689524
184   1   3.08163092679138
185   0   2.85733505213993
186   0   2.28256343458628
187   1   5.76676578649515
188   0   2.38282663134312
189   0   1.57053555686306
190   1   0.96550871894186
191   0   2.04694167568167
192   0   -0.703839493022495
193   1   1.03541609963907
194   1   2.02848277126753
195   1   -0.216429133580614
196   0   4.94801015163234
197   0   3.7595559352461
198   1   3.21236450006816
199   1   3.9639739279123
200   1   3.85966971211703
201   1   2.14728861235002
202   1   2.11966238760238
203   1   3.3117755631683
204   1   4.02819436329033
205   0   3.65118646235993
206   0   1.10531660377606
207   1   4.88170991471017
208   0   3.06909610164964
209   0   2.49878153072689
210   1   3.04070624010182
211   1   4.44635009783967
212   0   4.32618919973449
213   1   3.91587590056093
214   0   5.29744073264143
215   0   3.26462382063038
216   1   2.39537903448472
217   0   1.8249653958972
218   0   4.2711309166163
219   1   1.89321131476065
220   0   4.04218537552875
221   0   4.83990272619153
222   1   1.90054839604934
223   1   3.69299261149152
224   1   3.87286233108918
225   0   4.79230298071022
226   0   1.81168191440252
227   1   1.87901707000869
228   1   3.71242252815548
229   1   2.8861799432596
230   1   2.42590965707962
231   1   4.0973184955993
232   1   1.68779502384129
233   1   0.177878099600919
234   0   5.24253428958852
235   0   3.06360220202188
236   1   4.72767637795113
237   0   3.66448534808588
238   0   2.85211419080091
239   1   4.00787308533656
240   1   2.15948184399771
241   0   5.5522731772089
242   1   4.60981266402388
243   0   5.18743311269143
244   0   4.93448793230046
245   1   0.716708943252213
246   0   2.46020645271521
247   0   3.04847768271979
248   1   -0.827749575208015
249   0   1.49110918329598
250   0   0.699660252977456
251   1   -0.134583831877753
252   1   0.168739813966772
253   1   1.15362468314256
254   0   2.80327422064246
255   0   -1.40758536977515
256   1   2.91383060853917
257   1   2.27836173087382
258   1   2.38804465833602
259   1   1.57551232258185
260   1   2.80712328237458
261   1   3.38485120465404
262   1   3.72147991331941
263   0   3.75463262929744
264   0   2.5980717544925
265   1   4.07948779372461
266   0   2.67417542856546
267   0   1.94136362126911
268   1   2.70110030284304
269   1   2.79314781337384
270   0   4.98950314115911
271   1   5.23864413550371
272   0   2.62911319829674
273   0   3.40542939192382
274   1   1.99196816722613
275   0   3.9461814796003
276   0   1.92100187944063
277   1   3.39677660929555
278   0   2.01451105703622
279   0   1.7792912000886
280   1   1.19786097320885
281   1   2.68165720799096
282   1   1.28652044959397
283   0   3.75787705253005
284   0   0.95199570720588
285   1   1.15939209767246
286   1   4.14865441489434
287   1   3.35162593783887
288   1   2.6246775532393
289   1   0.424998692886055
290   1   0.842060733017457
291   1   1.17684222606641
292   0   -0.121857905210381
293   0   2.8431078133883
294   1   0.960239552870586
295   0   2.21904560532157
296   0   2.05223262821593
297   1   3.95712917914675
298   1   2.26026905130236
299   0   4.96313846150397
300   1   2.41405542088671
301   0   1.90919603856954
302   0   3.78188852166848
303   1   3.87818899279903
304   0   2.53687894807457
305   0   2.39165061865683
306   1   4.98649458330875
307   0   4.85517488786121
308   0   3.37068464720359
309   1   4.81727898756654
310   1   5.17685924511065
311   1   2.97238588313227
312   0   3.2521765455448
313   0   3.66156642022285
314   1   3.69812705384322
315   1   5.46313333705055
316   1   4.19506175832971
317   1   4.53396840388463
318   1   5.02660263906971
319   1   3.85972661015528
320   1   0.380752077738336
321   0   6.58333406420275
322   0   2.57137384671858
323   1   5.1599860873857
324   0   1.98652164678414
325   0   4.88990452693505
326   1   5.23539995558043
327   1   3.35320381310537
328   0   1.088307739318
329   1   2.57062633897639
330   0   0.57606225358053
331   0   1.5042772687299
332   1   0.747728837879087
333   0   1.25903215657794
334   0   3.37977618670576
335   1   3.23401168774498
336   0   1.98619039667268
337   0   0.55838477899946
338   1   1.88725830693369
339   1   1.43121462259508
340   1   0.89736614386979
341   0   1.00701478933492
342   0   2.98721131822233
343   1   3.33700541199254
344   1   3.10233105727912
345   1   1.86658138489357
346   1   -0.4342219426955
347   1   2.75761885669432
348   1   2.1624278823335
349   1   -0.0934844812946958
350   0   1.4399248166941
351   0   1.51808489630433
352   1   2.16405763153816
353   0   3.50238943504352
354   0   3.83271643445765
355   1   7.02667018249649
356   1   3.1478096346063
357   0   1.51482121137049
358   1   4.28305548783648
359   0   4.75556276998219
360   0   3.02364731908861
361   1   2.96333279197649
362   0   0.9992348813374
363   0   1.58207493713911
364   1   1.03407787992151
365   0   0.479474403267368
366   0   1.30923727159753
367   1   0.444806852853732
368   1   2.27074907980283
369   1   4.14864539754463
370   0   2.52442512634277
371   0   -0.41433457497417
372   1   2.02509179754365
373   1   3.8688554945362
374   1   1.9734317960809
375   1   2.72753668812749
376   1   -0.142119283145154
377   1   -0.82779832440724
378   1   2.97185664547921
379   0   1.48502788089295
380   0   1.66989757298266
381   1   4.13710635599036
382   0   2.08148394554503
383   0   2.81431166265296
384   1   2.17287714237612
385   1   2.07591386853926
386   0   3.9986575275862
387   1   2.42669315082424
388   0   1.80287838063176
389   0   4.59472204818464
390   1   1.54374115731143
391   0   2.33997552938706
392   0   1.6548535572866
393   1   1.42261855956483
394   0   1.43793071121356
395   0   3.28871765277852
396   1   4.58569285479422
397   1   5.46294373396122
398   1   2.88153199545333
399   0   4.75701948869683
400   0   3.72489500382388
401   1   1.76927755637971
402   1   4.05427154743244
403   1   2.93141503445259
404   1   5.06154590969293
405   1   4.33162604554003
406   1   4.90584468637787
407   1   2.71587724729571
408   0   3.59425766668386
409   0   1.2562369360084
410   1   2.56009902192295
411   0   2.7161505218365
412   0   2.24682533056569
413   1   3.10195153103403
414   1   3.74215964433816
415   0   3.95164057487455
416   1   2.9984979349909
417   0   3.34712765319505
418   0   3.25254977871249
419   1   3.16645725647455
420   0   3.75975770325452
421   0   4.18547016669375
422   1   3.94206705988074
423   0   5.10484272277608
424   0   3.47774366265036
425   1   3.75220030126796
426   1   0.770989661130833
427   1   1.62113693735193
428   0   2.06709463565678
429   0   4.82394893826217
430   1   2.92661164813911
431   1   3.65743996731488
432   1   5.51320479560671
433   1   1.52548149161126
434   1   5.62095855795373
435   1   3.85079180504556
436   1   3.28819892201708
437   0   3.53181329496906
438   0   5.18820671861332
439   1   2.58404395416215
440   0   0.919528546586517
441   0   -0.207990356331411
442   1   1.37631259929444
443   1   2.53149828603642
444   0   3.55294503858625
445   1   4.14449103233807
446   0   3.75344595902987
447   0   3.80581982297337
448   1   6.15005293429498
449   0   3.9037512297695
450   0   4.12019727704476
451   1   2.22045932003627
452   0   2.3032218487602
453   0   1.61517112095792
454   1   2.42362701774462
455   1   3.27709982938656
456   1   1.16864606942334
457   0   3.35347201405034
458   0   1.89184583156313
459   1   3.35276915537573
460   1   -0.129616845835148
461   1   1.40197035959237
462   1   3.37809191343804
463   1   2.34003367655971
464   1   2.48758008975329
465   1   4.64979633813528
466   0   1.91885957831038
467   0   1.95640679635912
468   1   4.01816542079045
469   0   4.77419709060076
470   0   4.1100542996197
471   1   4.25330605809888
472   1   4.86680115474716
473   0   4.29928289344929
474   1   4.26455182873641
475   0   2.84123777130886
476   0   5.07965653466135
477   1   2.82020938966005
478   0   6.15400699149556
479   0   2.82772290534373
480   1   3.30300613511809
481   0   0.716507836587765
482   0   2.46135806146376
483   1   -0.429950162849174
484   1   1.61042875704045
485   1   1.33850169420473
486   0   1.48306400378992
487   0   3.66930642287166
488   1   3.28212786645493
489   1   0.66539333614387
490   1   1.60106193847048
491   1   4.90729957721411
492   1   4.15362726919784
493   1   2.53104072333357
494   1   2.52038312406552
495   0   3.05942428127427
496   0   4.34035620064616
497   1   6.43021386602831
498   0   3.38287173532264
499   0   5.30691366078378
500   1   2.47976405448489
501   1   5.62349047629628
502   0   2.26473212730617
503   1   4.62701565194888
504   0   4.93156312118734
505   0   4.70777178362354
506   1   4.05096599849371
507   0   4.64661732442594
508   0   3.69308425882405
509   1   4.56438134003975
510   0   4.37014216064723
511   0   4.28336368734401
512   1   2.05517389480913
513   1   0.850543056146151
514   1   2.2651152850746
515   0   3.23334850267374
516   0   3.80412582167824
517   1   3.04714246483233
518   1   3.07143892711203
519   1   2.37476864963833
520   1   2.93692108988076
521   1   3.2354876683698
522   1   5.02568700830362
523   1   3.18924413551281
524   0   0.606561186534141
525   0   1.67006371659314
526   1   1.17195025300971
527   0   3.30710932901296
528   0   2.90929049522488
529   1   3.98717833416465
530   1   -0.09033527211214
531   0   1.82693715051426
532   1   1.78860273505356
533   0   1.3616553936358
534   0   3.61863939675826
535   1   2.34243915316044
536   0   -0.400201527130291
537   0   0.945863784965928
538   1   0.367216570257346
539   0   2.44025176853131
540   0   -1.00644170007366
541   1   3.78802122721908
542   1   4.56030777773682
543   1   2.76704558013515
544   0   3.43180547519059
545   0   2.51200985188577
546   1   5.78546577212652
547   1   2.56457695172816
548   1   2.54433097789163
549   1   2.43187666458896
550   1   2.10871108237079
551   1   2.09317728489664
552   1   1.13932422813007
553   0   3.46274715426379
554   0   0.672516107194218
555   1   3.71632389609371
556   0   1.89567600001739
557   0   3.57481291247293
558   1   3.98135204513723
559   1   1.82710142655311
560   0   2.42932822340947
561   1   3.3485790519627
562   0   3.24823100075547
563   0   3.21772153958235
564   1   2.93650791011273
565   0   4.71426574183525
566   0   1.45161613000718
567   1   1.18770684428734
568   0   1.87292223794325
569   0   2.43967817634779
570   1   4.73554677044826
571   1   3.48859189627211
572   1   1.37860500662762
573   0   3.06743262095747
574   0   0.727522431779788
575   1   3.8800470971966
576   1   -0.00632315518906257
577   1   1.5674646880722
578   1   0.796587918271569
579   1   2.40726529497276
580   1   3.91515663420512
581   1   2.99395246448296
582   0   3.58667858056381
583   0   0.55758520250001
584   1   1.57127042776516
585   0   0.0920203147211405
586   0   4.00854504429178
587   1   3.9008873777863
588   1   3.68376782129875
589   0   1.47657395832205
590   1   1.3041259165973
591   0   4.00092059231191
592   0   2.87757182547579
593   1   1.40136214081865
594   0   1.27596279688203
595   0   3.42724209771205
596   1   1.78214558703611
597   0   0.267491347794922
598   0   -0.0541235231485899
599   1   -0.121288033057215
600   1   3.29042965773233
