[1] 1.000000e+00 2.385062e-06
[1] 2.0000000 0.7341183
[1] 3.00000000 0.06539001
[1] 4.0000000 0.6968539
[1] 5.0000000 0.7452268
[1] 6.0000000 0.3305988
[1] 7.00000000 0.09546572
[1] 8.0000000 0.8074021
[1] 9.0000000 0.7504513
[1] 10.0000000  0.1057579
[1] 11.0000000  0.1223856
[1] 12.0000000  0.4958792
[1] 13.0000000  0.6601654
[1] 14.0000000  0.7927935
[1] 15.0000000  0.9615828
[1] 16.0000000  0.9911741
[1] 17.0000000  0.8295203
[1] 18.0000000  0.4897277
[1] 19.0000000  0.2466025
[1] 20.0000000  0.5185782
[1] 21.0000  0.6312
[1] 22.0000000  0.6241475
[1] 23.0000000  0.3151078
[1] 24.0000000  0.6339729
[1] 25.0000000  0.1911809
[1] 26.0000000  0.4434167
[1] 27.0000000  0.7893197
[1] 28.0000000  0.9365905
[1] 29.0000000  0.7219655
[1] 30.0000000  0.2081531
[1] 31.0000000  0.6973657
[1] 32.0000000  0.6110573
[1] 33.0000000  0.6467949
[1] 34.000000  0.395963
[1] 35.0000000  0.6828007
[1] 36.000000  0.167687
[1] 37.0000000  0.3982188
[1] 38.0000000  0.2910559
[1] 39.000000  0.231394
[1] 40.000000  0.171464
[1] 41.0000000  0.6733892
[1] 42.0000000  0.1855319
[1] 43.0000000  0.4015093
[1] 44.0000000  0.6503671
[1] 45.0000000  0.6673833
[1] 46.0000000  0.8936045
[1] 47.0000000  0.3432827
[1] 48.0000000  0.8459855
[1] 49.0000000  0.8180898
[1] 50.0000000  0.4618066
[1] 51.0000000  0.1546688
[1] 52.0000000  0.8184204
[1] 53.0000000  0.3195694
[1] 54.0000000  0.4877631
[1] 55.0000000  0.6107248
[1] 56.0000000  0.3200048
[1] 57.0000000  0.6971179
[1] 58.0000000  0.9810535
[1] 59.0000000  0.4814597
[1] 60.00000000  0.05117367
[1] 61.0000000  0.7163548
[1] 62.00000000  0.08692454
[1] 63.0000000  0.9920866
[1] 64.0000000  0.3010546
[1] 65.0000000  0.3766113
[1] 66.0000000  0.9010837
[1] 67.0000000  0.8130228
[1] 68.0000000  0.6131976
[1] 69.0000000  0.1804393
[1] 70.0000000  0.9691157
[1] 71.0000000  0.9915719
[1] 72.00000000  0.01286774
[1] 73.0000000  0.6444453
[1] 74.0000000  0.2839958
[1] 75.0000000  0.1599239
[1] 76.0000000  0.2413356
[1] 77.0000000  0.8672313
[1] 78.0000000  0.6493375
[1] 79.0000000  0.8953444
[1] 80.0000000  0.9657147
[1] 81.000000  0.354712
[1] 82.0000000  0.6049788
[1] 83.0000000  0.2592781
[1] 84.0000000  0.4095103
[1] 85.000000000  0.004195541
[1] 86.0000000  0.4965078
[1] 87.0000000  0.7401611
[1] 88.0000000  0.4416696
[1] 89.0000000  0.5013447
[1] 90.0000000  0.6648489
[1] 91.00000000  0.01395739
[1] 92.0000000  0.8729431
[1] 93.0000000  0.2109078
[1] 94.00000000  0.06507782
[1] 95.0000000  0.1674014
[1] 96.0000000  0.4644109
[1] 97.000000  0.582516
[1] 98.0000000  0.7874525
[1] 99.000000  0.873258
[1] 100.0000000   0.8001259
[1] 1.010000e+02 7.563936e-07
[1] 102.00000000   0.04410591
[1] 103.0000000   0.3363307
[1] 1.04000e+02 2.28478e-03
[1] 105.0000000   0.6258055
[1] 106.0000000   0.4173388
[1] 107.0000000   0.1419055
[1] 108.0000000   0.5074513
[1] 109.000000   0.437251
[1] 110.0000000   0.5101301
[1] 111.0000000   0.5875135
[1] 112.0000000   0.2805787
[1] 113.000000   0.513574
[1] 114.0000000   0.5425429
[1] 115.0000000   0.2847131
[1] 116.0000000   0.3569172
[1] 117.0000000   0.7280484
[1] 118.0000000   0.1016327
[1] 119.000000   0.177631
[1] 120.0000000   0.5710014
[1] 121.0000000   0.7404506
[1] 122.0000000   0.4330812
[1] 123.0000000   0.8082989
[1] 124.0000000   0.9456878
[1] 125.0000000   0.2148611
[1] 126.0000000   0.9703854
[1] 127.000000   0.662498
[1] 128.000000   0.721041
[1] 129.0000000   0.4007454
[1] 130.0000000   0.7208208
[1] 131.0000000   0.8127768
[1] 132.000000   0.540587
[1] 133.000000   0.046903
[1] 134.0000000   0.0575593
[1] 135.0000000   0.8230123
[1] 136.0000000   0.7308231
[1] 137.0000000   0.1047521
[1] 138.0000000   0.2043907
[1] 139.0000000   0.1709839
[1] 140.0000000   0.2890733
[1] 141.0000000   0.2417651
[1] 142.0000000   0.5399549
[1] 143.0000000   0.2929189
[1] 144.0000000   0.7746768
[1] 145.0000000   0.2082332
[1] 146.0000000   0.6998988
[1] 147.0000000   0.4411872
[1] 148.0000000   0.7982009
[1] 149.0000000   0.6206492
[1] 150.0000000   0.4100694
[1] 151.0000000   0.9578557
[1] 152.0000000   0.9110167
[1] 153.00000000   0.04715001
[1] 154.0000000   0.8392653
[1] 155.0000000   0.3519647
[1] 156.0000000   0.3690888
[1] 157.0000000   0.7756455
[1] 158.0000000   0.5145809
[1] 159.0000000   0.2839223
[1] 160.0000000   0.7752323
[1] 161.0000000   0.2369101
[1] 162.0000000   0.1969948
[1] 163.0000000   0.7630354
[1] 164.000000   0.919607
[1] 165.0000000   0.6386974
[1] 166.000000   0.316843
[1] 167.0000000   0.8449205
[1] 168.00000000   0.07019376
[1] 169.0000000   0.1098316
[1] 170.000000   0.683293
[1] 171.0000000   0.8707678
[1] 172.0000000   0.1606844
[1] 173.0000000   0.2490545
[1] 174.0000000   0.7889793
[1] 175.0000000   0.2110138
[1] 176.0000000   0.8988523
[1] 177.0000000   0.3196134
[1] 178.00000000   0.01787118
[1] 179.0000000   0.8890816
[1] 180.0000000   0.6025748
[1] 181.0000000   0.8595247
[1] 182.0000000   0.3843351
[1] 183.0000000   0.2159371
[1] 184.0000000   0.9087357
[1] 185.0000000   0.7558267
[1] 186.0000000   0.5212874
[1] 187.0000000   0.3185206
[1] 188.0000000   0.9380719
[1] 189.0000000   0.4114702
[1] 190.0000000   0.7229369
[1] 191.0000000   0.2774972
[1] 192.0000000   0.3138104
[1] 193.0000000   0.5515799
[1] 194.0000000   0.8663955
[1] 195.0000000   0.8024323
[1] 196.00000000   0.09805856
[1] 197.0000000   0.7076505
[1] 198.0000000   0.8399509
[1] 199.000000   0.484278
[1] 200.0000000   0.1342373
